   7.5000000e-01   0.0000000e+00
   1.5000000e+00   0.0000000e+00
   3.5000000e+00   0.0000000e+00
   4.2500000e+00   0.0000000e+00
   5.0000000e+00   0.0000000e+00
   5.0000000e+00   2.0000000e+00
   4.4000000e+00   2.0000000e+00
   3.8000000e+00   2.0000000e+00
   3.3000000e+00   2.0000000e+00
   2.7000000e+00   2.0000000e+00
   2.2000000e+00   2.0000000e+00
   1.6000000e+00   2.0000000e+00
   1.1000000e+00   2.0000000e+00
   5.0000000e-01   2.0000000e+00
   0.0000000e+00   2.0000000e+00
   0.0000000e+00   0.0000000e+00
   0.0000000e+00   2.2487065e-01
   0.0000000e+00   4.4391889e-01
   0.0000000e+00   6.6587557e-01
   0.0000000e+00   8.8891106e-01
   0.0000000e+00   1.1075546e+00
   0.0000000e+00   1.3410275e+00
   0.0000000e+00   1.5549968e+00
   0.0000000e+00   1.7748808e+00
   1.6878706e-01   2.0000000e+00
   1.8426164e-01   0.0000000e+00
   2.7539731e-01   2.3190991e-01
   1.9746914e-01   4.4943039e-01
   2.8142748e-01   6.6498009e-01
   1.9707212e-01   8.8055736e-01
   2.8492453e-01   1.0908437e+00
   2.0059845e-01   1.2997088e+00
   2.7053972e-01   1.5234959e+00
   2.1285436e-01   1.7483489e+00
   3.3348669e-01   2.0000000e+00
   3.8086334e-01   0.0000000e+00
   5.4671156e-01   2.2951102e-01
   4.3699102e-01   4.4716434e-01
   5.5211426e-01   6.6479301e-01
   4.4096482e-01   8.7896346e-01
   5.5414931e-01   1.0976097e+00
   4.3836434e-01   1.3124413e+00
   5.3811210e-01   1.5328345e+00
   4.3680145e-01   1.7491513e+00
   7.0378793e-01   2.0000000e+00
   5.6882949e-01   0.0000000e+00
   8.0941235e-01   2.3488005e-01
   6.8931268e-01   4.4972391e-01
   8.1626403e-01   6.6847258e-01
   6.9450695e-01   8.8329749e-01
   8.1816051e-01   1.1016448e+00
   6.9032225e-01   1.3171584e+00
   7.9236093e-01   1.5415485e+00
   6.7318994e-01   1.7660554e+00
   8.9894756e-01   2.0000000e+00
   9.4325866e-01   0.0000000e+00
   1.0691913e+00   2.3611879e-01
   9.4680438e-01   4.5335531e-01
   1.0783665e+00   6.7085030e-01
   9.5273131e-01   8.8664312e-01
   1.0804418e+00   1.1050540e+00
   9.4661211e-01   1.3208544e+00
   1.0405651e+00   1.5429415e+00
   9.1922028e-01   1.7688153e+00
   1.1657122e+00   1.7731812e+00
   1.1370639e+00   0.0000000e+00
   1.3276485e+00   2.3062569e-01
   1.2054693e+00   4.5178101e-01
   1.3376257e+00   6.6772083e-01
   1.2125512e+00   8.8946930e-01
   1.3438431e+00   1.1096176e+00
   1.2089657e+00   1.3213787e+00
   1.4895335e+00   1.5593678e+00
   1.2770343e+00   1.5433844e+00
   1.3431118e+00   2.0000000e+00
   1.3168900e+00   0.0000000e+00
   1.5916835e+00   2.2316819e-01
   1.4639368e+00   4.4436329e-01
   1.5947604e+00   6.6207095e-01
   1.4694814e+00   8.8585469e-01
   1.6016723e+00   1.1026692e+00
   1.4790227e+00   1.3291761e+00
   1.7020773e+00   1.5242948e+00
   1.4034735e+00   1.7876672e+00
   1.6354674e+00   1.7690964e+00
   1.7431433e+00   0.0000000e+00
   1.8526329e+00   2.2116837e-01
   1.7221325e+00   4.4022550e-01
   1.8530934e+00   6.5689220e-01
   1.7268795e+00   8.7856479e-01
   1.8655733e+00   1.0877098e+00
   1.7482671e+00   1.3047778e+00
   1.9310751e+00   1.5237637e+00
   1.8554794e+00   1.7569540e+00
   1.7977957e+00   2.0000000e+00
   1.9927351e+00   0.0000000e+00
   2.1120636e+00   2.1958978e-01
   1.9815644e+00   4.3771044e-01
   2.1139161e+00   6.5218665e-01
   1.9882193e+00   8.6966866e-01
   2.1260408e+00   1.0834633e+00
   2.0087657e+00   1.3006775e+00
   2.1670960e+00   1.5232901e+00
   2.0795351e+00   1.7578091e+00
   1.9966101e+00   2.0000000e+00
   2.2457249e+00   0.0000000e+00
   2.3712892e+00   2.1844940e-01
   2.2419532e+00   4.3531650e-01
   2.3744601e+00   6.5039129e-01
   2.2486687e+00   8.6668237e-01
   2.3842367e+00   1.0830987e+00
   2.2651628e+00   1.3008050e+00
   2.4100211e+00   1.5239195e+00
   2.3077711e+00   1.7516526e+00
   2.3713571e+00   2.0000000e+00
   2.5002925e+00   0.0000000e+00
   2.6304006e+00   2.1821483e-01
   2.5021899e+00   4.3442039e-01
   2.6343830e+00   6.5022723e-01
   2.5079175e+00   8.6629294e-01
   2.6409382e+00   1.0841867e+00
   2.5195305e+00   1.3026139e+00
   2.6534684e+00   1.5289682e+00
   2.5390581e+00   1.7574219e+00
   2.5352250e+00   2.0000000e+00
   2.7548360e+00   0.0000000e+00
   2.8896528e+00   2.1862368e-01
   2.7621547e+00   4.3449015e-01
   2.8938048e+00   6.5087935e-01
   2.7662865e+00   8.6711557e-01
   2.8964440e+00   1.0862870e+00
   2.7714752e+00   1.3057206e+00
   2.8990415e+00   1.5299800e+00
   2.7754729e+00   1.7590081e+00
   2.9007198e+00   2.0000000e+00
   3.0078889e+00   0.0000000e+00
   3.1497523e+00   2.1967056e-01
   3.0220349e+00   4.3508809e-01
   3.1528575e+00   6.5212175e-01
   3.0239110e+00   8.6867090e-01
   3.1519801e+00   1.0881541e+00
   3.0238026e+00   1.3074293e+00
   3.1469834e+00   1.5306007e+00
   3.0114742e+00   1.7584141e+00
   3.1025585e+00   2.0000000e+00
   3.2574445e+00   0.0000000e+00
   3.4119744e+00   2.2138068e-01
   3.2820885e+00   4.3633663e-01
   3.4117035e+00   6.5529492e-01
   3.2813174e+00   8.7083660e-01
   3.4081147e+00   1.0904555e+00
   3.2768838e+00   1.3089246e+00
   3.3971976e+00   1.5305426e+00
   3.2458533e+00   1.7592251e+00
   3.4640723e+00   2.0000000e+00
   3.6830536e+00   0.0000000e+00
   3.6776145e+00   2.2907807e-01
   3.5416599e+00   4.3989833e-01
   3.6701442e+00   6.6048856e-01
   3.5392499e+00   8.7577636e-01
   3.6667662e+00   1.0967030e+00
   3.5314757e+00   1.3096941e+00
   3.6513287e+00   1.5264269e+00
   3.4756435e+00   1.7573215e+00
   3.6309235e+00   2.0000000e+00
   3.8643915e+00   0.0000000e+00
   3.9390045e+00   2.3501334e-01
   3.8018895e+00   4.4758913e-01
   3.9301204e+00   6.6612550e-01
   3.7967104e+00   8.8086900e-01
   3.9248148e+00   1.1017432e+00
   3.7915255e+00   1.3179746e+00
   3.9156846e+00   1.5406430e+00
   3.6950334e+00   1.7449909e+00
   4.0050847e+00   2.0000000e+00
   4.0586591e+00   0.0000000e+00
   4.2008355e+00   2.3433753e-01
   4.0612424e+00   4.5126536e-01
   4.1900799e+00   6.7141315e-01
   4.0539156e+00   8.8618984e-01
   4.1846326e+00   1.1054247e+00
   4.0479324e+00   1.3220558e+00
   4.1859347e+00   1.5303347e+00
   3.8980745e+00   1.7700842e+00
   4.2027503e+00   2.0000000e+00
   4.3942807e+00   0.0000000e+00
   4.4614715e+00   2.4270793e-01
   4.3155679e+00   4.5594371e-01
   4.4527708e+00   6.7464926e-01
   4.3103114e+00   8.8994148e-01
   4.4502629e+00   1.1054774e+00
   4.3093076e+00   1.3188480e+00
   4.4520240e+00   1.5356753e+00
   4.1077602e+00   1.7523356e+00
   4.3301456e+00   1.7569627e+00
   4.5517713e+00   0.0000000e+00
   4.7256603e+00   2.4028083e-01
   4.5671678e+00   4.6010377e-01
   4.7228964e+00   6.7652135e-01
   4.5635986e+00   8.9060506e-01
   4.7201425e+00   1.1076836e+00
   4.5630064e+00   1.3223109e+00
   4.7216749e+00   1.5410952e+00
   4.5593400e+00   1.7616330e+00
   4.6059372e+00   2.0000000e+00
   4.6972663e+00   0.0000000e+00
   5.0000000e+00   2.3516098e-01
   4.8033984e+00   4.5825746e-01
   5.0000000e+00   6.7663473e-01
   4.8031898e+00   8.9407036e-01
   5.0000000e+00   1.1181586e+00
   4.8015214e+00   1.3243230e+00
   5.0000000e+00   1.5619382e+00
   4.7860163e+00   1.7625480e+00
   4.8026822e+00   2.0000000e+00
   4.8497302e+00   0.0000000e+00
   5.0000000e+00   4.5504404e-01
   5.0000000e+00   8.9861495e-01
   5.0000000e+00   1.3454862e+00
   5.0000000e+00   1.7821732e+00
